ORA 10.10
00001 10.10
00017 10.10
00018 10.10
00019 10.10
00020 10.10
00021 10.10
00022 10.10
00023 10.10
00024 10.10
00025 10.10
00026 10.10
00027 10.10
00028 10.10
00029 10.10
00030 10.10
00031 10.10
00032 10.10
00033 10.10
00034 10.10
00035 10.10
00036 10.10
00037 10.10
00038 10.10
00050 10.10
00051 10.10
00052 10.10
00053 10.10
00054 10.10
00055 10.10
00056 10.10
00057 10.10
00058 10.10
00059 10.10
00060 10.10
00061 10.10
00062 10.10
00063 10.10
00064 10.10
00065 10.10
00066 10.10
00067 10.10
00068 10.10
00069 10.10
00070 10.10
00071 10.10
00072 10.10
00073 10.10
00074 10.10
00075 10.10
00076 10.10
00077 10.10
00078 10.10
00079 10.10
00080 10.10
00081 10.10
00082 10.10
00083 10.10
00084 10.10
00085 10.10
00086 10.10
00087 10.10
00088 10.10
00089 10.10
00090 10.10
00091 10.10
00092 10.10
00093 10.10
00094 10.10
00096 10.10
00097 10.10
00099 10.10
00100 10.10
00101 10.10
00102 10.10
00103 10.10
00104 10.10
00105 10.10
00106 10.10
00107 10.10
00108 10.10
00111 10.10
00112 10.10
00113 10.10
00114 10.10
00115 10.10
00116 10.10
00117 10.10
00118 10.10
00119 10.10
00120 10.10
00121 10.10
00122 10.10
00123 10.10
00124 10.10
00125 10.10
00126 10.10
00127 10.10
00128 10.10
00129 10.10
00130 10.10
00131 10.10
00132 10.10
00150 10.10
00151 10.10
00152 10.10
00153 10.10
00154 10.10
00155 10.10
00160 10.10
00161 10.10
00162 10.10
00163 10.10
00164 10.10
00165 10.10
00200 10.10
00201 10.10
00202 10.10
00203 10.10
00204 10.10
00205 10.10
00206 10.10
00207 10.10
00208 10.10
00209 10.10
00210 10.10
00211 10.10
00212 10.10
00213 10.10
00214 10.10
00215 10.10
00216 10.10
00217 10.10
00218 10.10
00219 10.10
00220 10.10
00221 10.10
00222 10.10
00223 10.10
00224 10.10
00225 10.10
00226 10.10
00227 10.10
00228 10.10
00229 10.10
00230 10.10
00231 10.10
00232 10.10
00233 10.10
00234 10.10
00235 10.10
00236 10.10
00237 10.10
00238 10.10
00250 10.10
00251 10.10
00252 10.10
00253 10.10
00254 10.10
00255 10.10
00256 10.10
00257 10.10
00258 10.10
00259 10.10
00260 10.10
00261 10.10
00262 10.10
00263 10.10
00264 10.10
00265 10.10
00266 10.10
00267 10.10
00268 10.10
00269 10.10
00270 10.10
00271 10.10
00272 10.10
00273 10.10
00274 10.10
00275 10.10
00276 10.10
00277 10.10
00278 10.10
00279 10.10
00280 10.10
00281 10.10
00282 10.10
00283 10.10
00284 10.10
00285 10.10
00286 10.10
00287 10.10
00288 10.10
00289 10.10
00290 10.10
00291 10.10
00292 10.10
00293 10.10
00294 10.10
00295 10.10
00296 10.10
00297 10.10
00298 10.10
00299 10.10
00300 10.10
00301 10.10
00302 10.10
00303 10.10
00304 10.10
00305 10.10
00306 10.10
00307 10.10
00308 10.10
00309 10.10
00310 10.10
00311 10.10
00312 10.10
00313 10.10
00314 10.10
00315 10.10
00316 10.10
00317 10.10
00318 10.10
00319 10.10
00320 10.10
00321 10.10
00322 10.10
00323 10.10
00324 10.10
00325 10.10
00326 10.10
00327 10.10
00328 10.10
00329 10.10
00330 10.10
00331 10.10
00332 10.10
00333 10.10
00334 10.10
00335 10.10
00336 10.10
00337 10.10
00338 10.10
00339 10.10
00340 10.10
00341 10.10
00342 10.10
00343 10.10
00344 10.10
00345 10.10
00346 10.10
00347 10.10
00348 10.10
00349 10.10
00350 10.10
00351 10.10
00352 10.10
00353 10.10
00354 10.10
00355 10.10
00356 10.10
00357 10.10
00358 10.10
00359 10.10
00360 10.10
00361 10.10
00362 10.10
00363 10.10
00364 10.10
00365 10.10
00366 10.10
00367 10.10
00368 10.10
00369 10.10
00370 10.10
00371 10.10
00372 10.10
00373 10.10
00374 10.10
00375 10.10
00376 10.10
00377 10.10
00378 10.10
00379 10.10
00380 10.10
00381 10.10
00382 10.10
00383 10.10
00384 10.10
00385 10.10
00390 10.10
00391 10.10
00392 10.10
00393 10.10
00394 10.10
00395 10.10
00396 10.10
00397 10.10
00398 10.10
00399 10.10
00400 10.10
00401 10.10
00402 10.10
00403 10.10
00404 10.10
00405 10.10
00406 10.10
00407 10.10
00408 10.10
00409 10.10
00436 10.10
00437 10.10
00438 10.10
00439 10.10
00443 10.10
00444 10.10
00445 10.10
00446 10.10
00447 10.10
00448 10.10
00449 10.10
00470 10.10
00471 10.10
00472 10.10
00473 10.10
00474 10.10
00475 10.10
00476 10.10
00477 10.10
00478 10.10
00480 10.10
00481 10.10
00482 10.10
00483 10.10
00484 10.10
00485 10.10
00486 10.10
00568 10.10
00574 10.10
00575 10.10
00576 10.10
00577 10.10
00578 10.10
00579 10.10
00580 10.10
00581 10.10
00582 10.10
00583 10.10
00584 10.10
00585 10.10
00586 10.10
00587 10.10
00588 10.10
00589 10.10
00590 10.10
00591 10.10
00592 10.10
00593 10.10
00594 10.10
00595 10.10
00596 10.10
00597 10.10
00598 10.10
00600 10.10
00601 10.10
00602 10.10
00603 10.10
00604 10.10
00606 10.10
00607 10.10
00701 10.10
00702 10.10
00703 10.10
00704 10.10
00705 10.10
00706 10.10
00816 10.10
00900 10.10
00901 10.10
00902 10.10
00903 10.10
00904 10.10
00905 10.10
00906 10.10
00907 10.10
00908 10.10
00909 10.10
00910 10.10
00911 10.10
00913 10.10
00914 10.10
00915 10.10
00917 10.10
00918 10.10
00919 10.10
00920 10.10
00921 10.10
00922 10.10
00923 10.10
00924 10.10
00925 10.10
00926 10.10
00927 10.10
00928 10.10
00929 10.10
00930 10.10
00931 10.10
00932 10.10
00933 10.10
00934 10.10
00935 10.10
00936 10.10
00937 10.10
00938 10.10
00939 10.10
00940 10.10
00941 10.10
00942 10.10
00943 10.10
00944 10.10
00945 10.10
00946 10.10
00947 10.10
00948 10.10
00949 10.10
00950 10.10
00951 10.10
00952 10.10
00953 10.10
00954 10.10
00955 10.10
00956 10.10
00957 10.10
00958 10.10
00959 10.10
00960 10.10
00961 10.10
00962 10.10
00963 10.10
00964 10.10
00965 10.10
00966 10.10
00967 10.10
00968 10.10
00969 10.10
00970 10.10
00971 10.10
00972 10.10
00973 10.10
00974 10.10
00975 10.10
00976 10.10
00977 10.10
00978 10.10
00979 10.10
00980 10.10
00981 10.10
00982 10.10
00984 10.10
00985 10.10
00986 10.10
00987 10.10
00988 10.10
00989 10.10
00990 10.10
00991 10.10
00992 10.10
00993 10.10
00994 10.10
00995 10.10
00996 10.10
00997 10.10
00998 10.10
00999 10.10
01000 10.10
01001 10.10
01002 10.10
01003 10.10
01004 10.10
01005 10.10
01006 10.10
01007 10.10
01008 10.10
01009 10.10
01010 10.10
01011 10.10
01012 10.10
01013 10.10
01014 10.10
01015 10.10
01016 10.10
01017 10.10
01018 10.10
01019 10.10
01020 10.10
01021 10.10
01022 10.10
01023 10.10
01024 10.10
01025 10.10
01026 10.10
01027 10.10
01028 10.10
01029 10.10
01030 10.10
01031 10.10
01032 10.10
01033 10.10
01034 10.10
01035 10.10
01036 10.10
01037 10.10
01038 10.10
01039 10.10
01040 10.10
01041 10.10
01042 10.10
01043 10.10
01044 10.10
01045 10.10
01046 10.10
01047 10.10
01048 10.10
01049 10.10
01050 10.10
01051 10.10
01052 10.10
01053 10.10
01054 10.10
01057 10.10
01058 10.10
01059 10.10
01060 10.10
01061 10.10
01062 10.10
01070 10.10
01071 10.10
01072 10.10
01073 10.10
01074 10.10
01075 10.10
01076 10.10
01077 10.10
01078 10.10
01079 10.10
01080 10.10
01081 10.10
01082 10.10
01083 10.10
01084 10.10
01085 10.10
01086 10.10
01087 10.10
01088 10.10
01089 10.10
01090 10.10
01091 10.10
01092 10.10
01093 10.10
01094 10.10
01095 10.10
01096 10.10
01097 10.10
01098 10.10
01099 10.10
01100 10.10
01101 10.10
01102 10.10
01103 10.10
01104 10.10
01105 10.10
01106 10.10
01107 10.10
01108 10.10
01109 10.10
01110 10.10
01111 10.10
01112 10.10
01113 10.10
01114 10.10
01115 10.10
01116 10.10
01117 10.10
01118 10.10
01119 10.10
01120 10.10
01121 10.10
01122 10.10
01123 10.10
01124 10.10
01125 10.10
01126 10.10
01127 10.10
01128 10.10
01129 10.10
01130 10.10
01131 10.10
01132 10.10
01133 10.10
01134 10.10
01135 10.10
01136 10.10
01137 10.10
01138 10.10
01139 10.10
01140 10.10
01141 10.10
01142 10.10
01143 10.10
01144 10.10
01145 10.10
01146 10.10
01147 10.10
01149 10.10
01150 10.10
01151 10.10
01152 10.10
01153 10.10
01154 10.10
01155 10.10
01156 10.10
01157 10.10
01158 10.10
01159 10.10
01160 10.10
01161 10.10
01162 10.10
01163 10.10
01164 10.10
01165 10.10
01166 10.10
01167 10.10
01168 10.10
01169 10.10
01170 10.10
01171 10.10
01172 10.10
01173 10.10
01174 10.10
01175 10.10
01176 10.10
01177 10.10
01178 10.10
01179 10.10
01180 10.10
01181 10.10
01182 10.10
01183 10.10
01184 10.10
01185 10.10
01186 10.10
01187 10.10
01188 10.10
01189 10.10
01190 10.10
01191 10.10
01192 10.10
01193 10.10
01194 10.10
01195 10.10
01196 10.10
01197 10.10
01198 10.10
01199 10.10
01200 10.10
01201 10.10
01202 10.10
01203 10.10
01204 10.10
01205 10.10
01206 10.10
01207 10.10
01208 10.10
01209 10.10
01210 10.10
01211 10.10
01212 10.10
01213 10.10
01214 10.10
01215 10.10
01216 10.10
01217 10.10
01218 10.10
01219 10.10
01220 10.10
01221 10.10
01222 10.10
01223 10.10
01224 10.10
01225 10.10
01226 10.10
01227 10.10
01228 10.10
01229 10.10
01230 10.10
01231 10.10
01232 10.10
01233 10.10
01234 10.10
01235 10.10
01236 10.10
01237 10.10
01238 10.10
01239 10.10
01240 10.10
01241 10.10
01242 10.10
01243 10.10
01244 10.10
01245 10.10
01246 10.10
01247 10.10
01248 10.10
01249 10.10
01250 10.10
01251 10.10
01252 10.10
01253 10.10
01254 10.10
01255 10.10
01256 10.10
01257 10.10
01258 10.10
01259 10.10
01260 10.10
01261 10.10
01262 10.10
01263 10.10
01264 10.10
01265 10.10
01266 10.10
01267 10.10
01268 10.10
01269 10.10
01270 10.10
01271 10.10
01272 10.10
01274 10.10
01275 10.10
01276 10.10
01277 10.10
01278 10.10
01279 10.10
01280 10.10
01281 10.10
01282 10.10
01283 10.10
01284 10.10
01285 10.10
01286 10.10
01287 10.10
01288 10.10
01289 10.10
01290 10.10
01291 10.10
01292 10.10
01293 10.10
01294 10.10
01295 10.10
01296 10.10
01297 10.10
01298 10.10
01299 10.10
01300 10.10
01301 10.10
01302 10.10
01303 10.10
01304 10.10
01305 10.10
01306 10.10
01307 10.10
01308 10.10
01309 10.10
01310 10.10
01311 10.10
01312 10.10
01313 10.10
01314 10.10
01315 10.10
01316 10.10
01317 10.10
01318 10.10
01319 10.10
01320 10.10
01321 10.10
01322 10.10
01323 10.10
01324 10.10
01325 10.10
01326 10.10
01327 10.10
01328 10.10
01329 10.10
01330 10.10
01331 10.10
01332 10.10
01333 10.10
01334 10.10
01335 10.10
01336 10.10
01337 10.10
01338 10.10
01339 10.10
01340 10.10
01341 10.10
01342 10.10
01343 10.10
01344 10.10
01345 10.10
01346 10.10
01347 10.10
01348 10.10
01349 10.10
01350 10.10
01351 10.10
01352 10.10
01353 10.10
01370 10.10
01371 10.10
01372 10.10
01373 10.10
01374 10.10
01400 10.10
01401 10.10
01402 10.10
01403 10.10
01404 10.10
01405 10.10
01406 10.10
01407 10.10
01408 10.10
01409 10.10
01410 10.10
01411 10.10
01412 10.10
01413 10.10
01414 10.10
01415 10.10
01416 10.10
01417 10.10
01418 10.10
01419 10.10
01420 10.10
01421 10.10
01422 10.10
01423 10.10
01424 10.10
01425 10.10
01426 10.10
01427 10.10
01428 10.10
01429 10.10
01430 10.10
01431 10.10
01432 10.10
01433 10.10
01434 10.10
01435 10.10
01436 10.10
01437 10.10
01438 10.10
01439 10.10
01440 10.10
01441 10.10
01442 10.10
01443 10.10
01444 10.10
01445 10.10
01446 10.10
01447 10.10
01448 10.10
01449 10.10
01450 10.10
01451 10.10
01452 10.10
01453 10.10
01454 10.10
01455 10.10
01456 10.10
01457 10.10
01458 10.10
01459 10.10
01460 10.10
01461 10.10
01462 10.10
01463 10.10
01464 10.10
01465 10.10
01466 10.10
01467 10.10
01468 10.10
01469 10.10
01470 10.10
01471 10.10
01472 10.10
01473 10.10
01474 10.10
01475 10.10
01476 10.10
01477 10.10
01478 10.10
01479 10.10
01480 10.10
01481 10.10
01482 10.10
01483 10.10
01484 10.10
01485 10.10
01486 10.10
01487 10.10
01488 10.10
01489 10.10
01490 10.10
01491 10.10
01492 10.10
01493 10.10
01494 10.10
01495 10.10
01496 10.10
01497 10.10
01498 10.10
01499 10.10
01500 10.10
01501 10.10
01502 10.10
01503 10.10
01504 10.10
01505 10.10
01506 10.10
01507 10.10
01508 10.10
01509 10.10
01510 10.10
01511 10.10
01512 10.10
01513 10.10
01514 10.10
01515 10.10
01516 10.10
01517 10.10
01518 10.10
01519 10.10
01520 10.10
01521 10.10
01522 10.10
01523 10.10
01524 10.10
01525 10.10
01526 10.10
01527 10.10
01528 10.10
01529 10.10
01530 10.10
01531 10.10
01532 10.10
01533 10.10
01534 10.10
01535 10.10
01536 10.10
01537 10.10
01538 10.10
01539 10.10
01540 10.10
01541 10.10
01542 10.10
01543 10.10
01544 10.10
01545 10.10
01546 10.10
01547 10.10
01548 10.10
01549 10.10
01550 10.10
01551 10.10
01552 10.10
01553 10.10
01554 10.10
01555 10.10
01556 10.10
01557 10.10
01558 10.10
01559 10.10
01560 10.10
01561 10.10
01562 10.10
01563 10.10
01564 10.10
01565 10.10
01566 10.10
01567 10.10
01568 10.10
01569 10.10
01570 10.10
01571 10.10
01572 10.10
01573 10.10
01574 10.10
01575 10.10
01576 10.10
01577 10.10
01578 10.10
01579 10.10
01580 10.10
01581 10.10
01582 10.10
01583 10.10
01584 10.10
01585 10.10
01586 10.10
01587 10.10
01588 10.10
01589 10.10
01590 10.10
01591 10.10
01592 10.10
01593 10.10
01594 10.10
01595 10.10
01596 10.10
01597 10.10
01598 10.10
01599 10.10
01600 10.10
01601 10.10
01603 10.10
01604 10.10
01605 10.10
01606 10.10
01608 10.10
01609 10.10
01610 10.10
01611 10.10
01612 10.10
01613 10.10
01614 10.10
01615 10.10
01616 10.10
01617 10.10
01618 10.10
01619 10.10
01620 10.10
01621 10.10
01622 10.10
01623 10.10
01624 10.10
01625 10.10
01626 10.10
01627 10.10
01628 10.10
01629 10.10
01630 10.10
01631 10.10
01632 10.10
01633 10.10
01634 10.10
01635 10.10
01636 10.10
01637 10.10
01638 10.10
01640 10.10
01641 10.10
01642 10.10
01643 10.10
01644 10.10
01645 10.10
01646 10.10
01647 10.10
01648 10.10
01649 10.10
01650 10.10
01651 10.10
01652 10.10
01653 10.10
01654 10.10
01655 10.10
01656 10.10
01657 10.10
01658 10.10
01659 10.10
01660 10.10
01661 10.10
01662 10.10
01663 10.10
01664 10.10
01665 10.10
01666 10.10
01667 10.10
01668 10.10
01669 10.10
01670 10.10
01671 10.10
01672 10.10
01673 10.10
01674 10.10
01675 10.10
01676 10.10
01677 10.10
01678 10.10
01679 10.10
01680 10.10
01681 10.10
01682 10.10
01683 10.10
01684 10.10
01685 10.10
01686 10.10
01687 10.10
01688 10.10
01689 10.10
01690 10.10
01691 10.10
01692 10.10
01693 10.10
01694 10.10
01695 10.10
01696 10.10
01697 10.10
01698 10.10
01699 10.10
01700 10.10
01701 10.10
01702 10.10
01703 10.10
01704 10.10
01705 10.10
01706 10.10
01707 10.10
01708 10.10
01709 10.10
01710 10.10
01711 10.10
01712 10.10
01713 10.10
01714 10.10
01715 10.10
01716 10.10
01717 10.10
01718 10.10
01719 10.10
01720 10.10
01721 10.10
01722 10.10
01723 10.10
01724 10.10
01725 10.10
01726 10.10
01727 10.10
01728 10.10
01729 10.10
01730 10.10
01731 10.10
01732 10.10
01733 10.10
01734 10.10
01735 10.10
01736 10.10
01737 10.10
01738 10.10
01739 10.10
01740 10.10
01741 10.10
01742 10.10
01743 10.10
01744 10.10
01745 10.10
01746 10.10
01747 10.10
01748 10.10
01749 10.10
01750 10.10
01751 10.10
01752 10.10
01753 10.10
01754 10.10
01755 10.10
01756 10.10
01757 10.10
01758 10.10
01759 10.10
01760 10.10
01761 10.10
01762 10.10
01763 10.10
01764 10.10
01765 10.10
01766 10.10
01767 10.10
01768 10.10
01769 10.10
01770 10.10
01771 10.10
01772 10.10
01773 10.10
01774 10.10
01775 10.10
01776 10.10
01777 10.10
01778 10.10
01779 10.10
01780 10.10
01781 10.10
01782 10.10
01783 10.10
01784 10.10
01785 10.10
01786 10.10
01787 10.10
01788 10.10
01789 10.10
01790 10.10
01791 10.10
01792 10.10
01793 10.10
01794 10.10
01795 10.10
01796 10.10
01797 10.10
01798 10.10
01799 10.10
01800 10.10
01801 10.10
01802 10.10
01803 10.10
01804 10.10
01810 10.10
01811 10.10
01812 10.10
01813 10.10
01814 10.10
01815 10.10
01816 10.10
01817 10.10
01818 10.10
01819 10.10
01820 10.10
01821 10.10
01822 10.10
01830 10.10
01831 10.10
01832 10.10
01833 10.10
01834 10.10
01835 10.10
01836 10.10
01837 10.10
01838 10.10
01839 10.10
01840 10.10
01841 10.10
01842 10.10
01843 10.10
01844 10.10
01845 10.10
01846 10.10
01847 10.10
01848 10.10
01849 10.10
01850 10.10
01851 10.10
01852 10.10
01853 10.10
01854 10.10
01855 10.10
01856 10.10
01857 10.10
01858 10.10
01859 10.10
01860 10.10
01861 10.10
01862 10.10
01863 10.10
01864 10.10
01865 10.10
01866 10.10
01867 10.10
01868 10.10
01869 10.10
01870 10.10
01871 10.10
01872 10.10
01873 10.10
01874 10.10
01875 10.10
01876 10.10
01877 10.10
01878 10.10
01879 10.10
01880 10.10
01881 10.10
01882 10.10
01883 10.10
01890 10.10
01891 10.10
01898 10.10
01899 10.10
01900 10.10
01901 10.10
01902 10.10
01903 10.10
01904 10.10
01905 10.10
01906 10.10
01907 10.10
01908 10.10
01909 10.10
01910 10.10
01911 10.10
01912 10.10
01913 10.10
01914 10.10
01915 10.10
01917 10.10
01918 10.10
01919 10.10
01920 10.10
01921 10.10
01922 10.10
01923 10.10
01924 10.10
01925 10.10
01926 10.10
01927 10.10
01928 10.10
01929 10.10
01930 10.10
01931 10.10
01932 10.10
01933 10.10
01934 10.10
01935 10.10
01936 10.10
01937 10.10
01938 10.10
01939 10.10
01940 10.10
01941 10.10
01942 10.10
01943 10.10
01944 10.10
01945 10.10
01946 10.10
01947 10.10
01948 10.10
01949 10.10
01950 10.10
01951 10.10
01952 10.10
01953 10.10
01954 10.10
01955 10.10
01956 10.10
01957 10.10
01958 10.10
01959 10.10
01960 10.10
01961 10.10
01962 10.10
01963 10.10
01964 10.10
01965 10.10
01967 10.10
01968 10.10
01969 10.10
01970 10.10
01971 10.10
01972 10.10
01973 10.10
01974 10.10
01975 10.10
01976 10.10
01977 10.10
01978 10.10
01979 10.10
01980 10.10
01981 10.10
01982 10.10
01983 10.10
01984 10.10
01985 10.10
01986 10.10
01987 10.10
01988 10.10
01989 10.10
01990 10.10
01991 10.10
01992 10.10
01993 10.10
01994 10.10
01995 10.10
01996 10.10
01997 10.10
01998 10.10
01999 10.10
02000 10.10
02001 10.10
02002 10.10
02003 10.10
02004 10.10
02005 10.10
02006 10.10
02007 10.10
02008 10.10
02009 10.10
02010 10.10
02011 10.10
02012 10.10
02013 10.10
02014 10.10
02015 10.10
02016 10.10
02017 10.10
02018 10.10
02019 10.10
02020 10.10
02021 10.10
02022 10.10
02023 10.10
02024 10.10
02025 10.10
02026 10.10
02027 10.10
02028 10.10
02029 10.10
02030 10.10
02031 10.10
02032 10.10
02033 10.10
02034 10.10
02035 10.10
02036 10.10
02037 10.10
02038 10.10
02039 10.10
02040 10.10
02041 10.10
02042 10.10
02043 10.10
02044 10.10
02045 10.10
02046 10.10
02047 10.10
02048 10.10
02049 10.10
02050 10.10
02051 10.10
02052 10.10
02053 10.10
02054 10.10
02055 10.10
02056 10.10
02057 10.10
02058 10.10
02059 10.10
02060 10.10
02061 10.10
02062 10.10
02063 10.10
02064 10.10
02065 10.10
02066 10.10
02067 10.10
02068 10.10
02069 10.10
02070 10.10
02071 10.10
02072 10.10
02073 10.10
02074 10.10
02075 10.10
02076 10.10
02077 10.10
02078 10.10
02079 10.10
02080 10.10
02081 10.10
02082 10.10
02083 10.10
02084 10.10
02085 10.10
02086 10.10
02087 10.10
02088 10.10
02089 10.10
02090 10.10
02091 10.10
02092 10.10
02093 10.10
02094 10.10
02095 10.10
02096 10.10
02097 10.10
02098 10.10
02099 10.10
02100 10.10
02101 10.10
02102 10.10
02103 10.10
02104 10.10
02105 10.10
02106 10.10
02107 10.10
02108 10.10
02109 10.10
02110 10.10
02111 10.10
02112 10.10
02140 10.10
02141 10.10
02142 10.10
02143 10.10
02144 10.10
02145 10.10
02146 10.10
02147 10.10
02148 10.10
02149 10.10